5924244.53	5532706.67	1.00	359.60	7	"""1"""	4#370_20002000.txt
5924246.33	5532702.35	1.00	359.60	7	"""2"""	4#370_20002000.txt
5924240.74	5532705.07	1.00	359.60	7	"""3"""	4#370_20002000.txt
5924242.59	5532700.78	1.00	359.60	7	"""4"""	4#370_20002000.txt
5924254.11	5532692.57	1.00	359.60	7	"""5"""	4#370_20002000.txt
5924254.86	5532693.72	1.00	359.60	7	"""6"""	4#370_20002000.txt
5924259.17	5532695.12	1.00	359.60	7	"""7"""	4#370_20002000.txt
5924269.56	5532704.60	1.00	359.60	7	"""11"""	4#370_20002000.txt
5924269.82	5532703.75	1.00	359.60	7	"""12"""	4#370_20002000.txt
5924270.21	5532703.87	1.00	359.60	7	"""13"""	4#370_20002000.txt
5924269.94	5532704.72	1.00	359.60	7	"""14"""	4#370_20002000.txt
5924253.12	5532688.52	1.00	359.60	7	"""15"""	4#370_20002000.txt
5924256.93	5532689.76	1.00	359.60	7	"""16"""	4#370_20002000.txt
5924262.81	5532684.84	1.00	359.60	7	"""17"""	4#370_20002000.txt
5924261.26	5532689.61	1.00	359.60	7	"""18"""	4#370_20002000.txt
5924260.57	5532691.71	1.00	359.60	7	"""19"""	4#370_20002000.txt
5924255.41	5532689.27	1.00	359.60	7	"""21"""	4#370_20002000.txt
5926163.78	5539074.57	1.00	359.60	7	"""1"""	4#P.3214.2008.322000.txt
5926165.06	5539075.29	1.00	359.60	7	"""2"""	4#P.3214.2008.322000.txt
5926163.60	5539077.38	1.00	359.60	7	"""3"""	4#P.3214.2008.322000.txt
5926162.46	5539076.72	1.00	359.60	7	"""4"""	4#P.3214.2008.322000.txt
5926165.56	5539071.53	1.00	359.60	7	"""5"""	4#P.3214.2008.322000.txt
5926165.38	5539071.39	1.00	359.60	7	"""6"""	4#P.3214.2008.322000.txt
5926165.51	5539071.17	1.00	359.60	7	"""7"""	4#P.3214.2008.322000.txt
5926150.19	5539068.57	1.00	359.60	7	"""8"""	4#P.3214.2008.322000.txt
5926148.56	5539066.39	1.00	359.60	7	"""9"""	4#P.3214.2008.322000.txt
5926150.59	5539062.74	1.00	359.60	7	"""10"""	4#P.3214.2008.322000.txt
5926152.60	5539063.99	1.00	359.60	7	"""11"""	4#P.3214.2008.322000.txt
5926152.91	5539063.41	1.00	359.60	7	"""12"""	4#P.3214.2008.322000.txt
5926153.42	5539063.72	1.00	359.60	7	"""13"""	4#P.3214.2008.322000.txt
5926153.29	5539063.88	1.00	359.60	7	"""14"""	4#P.3214.2008.322000.txt
5926153.15	5539064.10	1.00	359.60	7	"""15"""	4#P.3214.2008.322000.txt
5926153.23	5539064.46	1.00	359.60	7	"""16"""	4#P.3214.2008.322000.txt
5926153.07	5539064.02	1.00	359.60	7	"""17"""	4#P.3214.2008.322000.txt
5926152.83	5539064.13	1.00	359.60	7	"""18"""	4#P.3214.2008.322000.txt
5926154.86	5539061.89	1.00	359.60	7	"""19"""	4#P.3214.2008.322000.txt
5926156.22	5539059.11	1.00	359.60	7	"""20"""	4#P.3214.2008.322000.txt
5926158.87	5539060.70	1.00	359.60	7	"""21"""	4#P.3214.2008.322000.txt
5926157.67	5539063.37	1.00	359.60	7	"""22"""	4#P.3214.2008.322000.txt
5926151.45	5539070.05	1.00	359.60	7	"""23"""	4#P.3214.2008.322000.txt
5926162.41	5539076.38	1.00	359.60	7	"""24"""	4#P.3214.2008.322000.txt
5926165.23	5539071.59	1.00	359.60	7	"""25"""	4#P.3214.2008.322000.txt
5926149.62	5539057.74	1.00	359.60	7	"""26"""	4#P.3214.2008.322000.txt
5926149.77	5539069.13	1.00	359.60	7	"""27"""	4#P.3214.2008.322000.txt
5925406.32	5535586.93	1.00	359.60	7	"""1"""	4#P.3214.2012.15822000.txt
5925412.28	5535542.21	1.00	359.60	7	"""2"""	4#P.3214.2012.15822000.txt
5925412.82	5535538.95	1.00	359.60	7	"""3"""	4#P.3214.2012.15822000.txt
5925411.44	5535547.50	1.00	359.60	7	"""4"""	4#P.3214.2012.15822000.txt
5925287.31	5535616.76	1.00	359.60	7	"""5"""	4#P.3214.2012.15822000.txt
5925275.49	5535621.67	1.00	359.60	7	"""6"""	4#P.3214.2012.15822000.txt
5925281.34	5535602.65	1.00	359.60	7	"""7"""	4#P.3214.2012.15822000.txt
5925288.00	5535583.45	1.00	359.60	7	"""8"""	4#P.3214.2012.15822000.txt
5925293.50	5535563.94	1.00	359.60	7	"""9"""	4#P.3214.2012.15822000.txt
5925298.59	5535543.85	1.00	359.60	7	"""10"""	4#P.3214.2012.15822000.txt
5925312.26	5535501.05	1.00	359.60	7	"""11"""	4#P.3214.2012.15822000.txt
5925284.42	5535490.97	1.00	359.60	7	"""11a"""	4#P.3214.2012.15822000.txt
5925322.71	5535505.33	1.00	359.60	7	"""12"""	4#P.3214.2012.15822000.txt
5925318.83	5535524.65	1.00	359.60	7	"""13"""	4#P.3214.2012.15822000.txt
5925316.77	5535544.33	1.00	359.60	7	"""14"""	4#P.3214.2012.15822000.txt
5925297.06	5535531.97	1.00	359.60	7	"""15"""	4#P.3214.2012.15822000.txt
5925304.11	5535533.54	1.00	359.60	7	"""16"""	4#P.3214.2012.15822000.txt
